1.554
1.548
1.543
1.538
1.534
1.530
1.527
1.524
1.521
1.51883
1.51429
1.51012
1.50723
1.50412
1.5021308583767
1.5013992786673
1.500710884023
1.5000412441879
1.4994102725825
1.4987956800739
1.498215835395
1.4976503417391
1.4971161777103
1.4965946258579
1.4961014106014
1.4956193105824
1.4951629159378
1.4947163429268
1.4942931534457
1.4938786637052
1.4934855013926
1.4931000625685
1.4927341243093
1.4923750573264
1.4920338625929
1.4916987929782
1.4913801399195
1.4910669568336
1.4907688852344
1.4904757068372
1.4901919629315
1.4899216107856
1.4896554089476
1.4894015945735
1.4891515067435
1.4889128979575
1.4886776395451
1.4884530366079
1.4882314494217
1.4880197694421
1.4878108069564
1.4876110704089
1.4874137850084
1.4872251040425
1.4870386359446
1.4868602042168
1.4866837718227
1.4865148556274
1.4863477470948
1.4861876776073
1.4860292434693
1.4858774099432
1.4857270566275
1.4855829004142
1.4854400845383
1.4853008765092
1.485167317154
1.4850349128883
1.484907827303
1.4847817882724
1.484660762622
1.4845406852395
1.4844253383944
1.4843108507106
1.4842008311788
1.4840915899389
1.4839865731311
1.4838822611467
1.4837819469318
1.4836822707317
1.4835863812492
1.4834910689739
1.4833993466715
1.4833081461831
1.4832203520548
1.4831330292385
1.4830489412378
1.482965278472
1.4828846900834
1.482804484859
1.4827259501275
1.4826502674815
1.4825749114557
1.4825022712337
1.4824299240365
1.4823601647439
1.482290667736
1.4822236384896
1.4821568433859
1.4820924030853
1.4820281711521
1.4819661877262
1.4819043890496
1.4818447387694
1.4817852515893
1.481727818442
1.4816686983826
1.4816143051535
1.4815608860163
1.4815084177787
1.4814568779363
1.4813978924073
1.4813482900167
1.4812995490272
1.4812516495502