300
310
320
330
340
350
360
370
380
390
400
410
420
430
436.8
443.0
449.1
455.3
461.4
467.6
473.7
479.9
486.0
492.2
498.3
504.5
510.6
516.8
522.9
529.1
535.2
541.4
547.5
553.7
559.8
566.0
572.1
578.3
584.4
590.6
596.8
602.9
609.1
615.2
621.4
627.5
633.7
639.8
646.0
652.1
658.3
664.4
670.6
676.7
682.9
689.0
695.2
701.3
707.5
713.6
719.8
725.9
732.1
738.2
744.4
750.6
756.7
762.9
769.0
775.2
781.3
787.5
793.6
799.8
805.9
812.1
818.2
824.4
830.5
836.7
842.8
849.0
855.1
861.3
867.4
873.6
879.7
885.9
892.0
898.2
904.4
910.5
916.7
922.8
929.0
935.1
941.3
947.4
953.6
959.7
965.9
972.0
978.2
984.3
990.5
996.6
1003.0
1009.0
1015.0
1021.0
1027.0
1034.0
1040.0
1046.0
1052.0